Time [sec], Encoder [-], Position [rad], Speed [rad/s], Voltage [V], Current [A]
      0.00,           0,         0.0000,      0.000000,      0.0000,        0.06
      0.01,           0,         0.0000,      0.000000,      0.0000,        0.05
      0.02,           0,         0.0000,      0.000000,      0.0000,        0.04
      0.03,           0,         0.0000,      0.000000,      0.0000,        0.05
      0.04,           0,         0.0000,      0.000000,      0.0000,        0.05
      0.05,           0,         0.0000,      0.000000,      0.0000,        0.04
      0.06,           0,         0.0000,      0.000000,      0.0000,        0.05
      0.07,           0,         0.0000,      0.000000,      0.0000,        0.05
      0.08,           0,         0.0000,      0.000000,      0.0000,        0.05
      0.09,           0,         0.0000,      0.000000,      0.0000,        0.05
      0.10,           0,         0.0000,      0.000000,      0.0000,        0.04
      0.11,           0,         0.0000,      0.000000,      0.0000,        0.05
      0.12,           0,         0.0000,      0.000000,      0.0000,        0.05
      0.13,           0,         0.0000,      0.000000,      0.0000,        0.03
      0.14,           0,         0.0000,      0.000000,      0.0000,        0.05
      0.15,           0,         0.0000,      0.000000,      0.0000,        0.06
      0.16,           0,         0.0000,      0.000000,      0.0000,        0.07
      0.17,           0,         0.0000,      0.000000,      0.0000,        0.04
      0.18,           0,         0.0000,      0.000000,      0.0000,        0.05
      0.19,           0,         0.0000,      0.000000,      0.0000,        0.05
      0.20,           0,         0.0000,      0.000000,      0.0000,        0.05
      0.21,           0,         0.0000,      0.000000,      0.0000,        0.04
      0.22,           0,         0.0000,      0.000000,      0.0000,        0.05
      0.23,           0,         0.0000,      0.000000,      0.0000,        0.05
      0.24,           0,         0.0000,      0.000000,      0.0000,        0.05
      0.25,           0,         0.0000,      0.000000,      0.0000,        0.05
      0.26,           0,         0.0000,      0.000000,      0.0000,        0.02
      0.27,           0,         0.0000,      0.000000,      0.0000,        0.05
      0.28,           0,         0.0000,      0.000000,      0.0000,        0.05
      0.29,           0,         0.0000,      0.000000,      0.0000,        0.05
      0.30,           0,         0.0000,      0.000000,      0.0000,        0.02
      0.31,           0,         0.0000,      0.000000,      0.0000,        0.05
      0.32,           0,         0.0000,      0.000000,      0.0000,        0.03
      0.33,           0,         0.0000,      0.000000,      0.0000,        0.05
      0.34,           0,         0.0000,      0.000000,      0.0000,        0.04
      0.35,           0,         0.0000,      0.000000,      0.0000,        0.05
      0.36,           0,         0.0000,      0.000000,      0.0000,        0.02
      0.37,           0,         0.0000,      0.000000,      0.0000,        0.03
      0.38,           0,         0.0000,      0.000000,      0.0000,        0.05
      0.39,           0,         0.0000,      0.000000,      0.0000,        0.04
      0.40,           0,         0.0000,      0.000000,      0.0000,        0.08
      0.41,           0,         0.0000,      0.000000,      0.0000,        0.05
      0.42,           0,         0.0000,      0.000000,      0.0000,        0.06
      0.43,           0,         0.0000,      0.000000,      0.0000,        0.05
      0.44,           0,         0.0000,      0.000000,      0.0000,        0.09
      0.45,           0,         0.0000,      0.000000,      0.0000,        0.05
      0.46,           0,         0.0000,      0.000000,      0.0000,        0.05
      0.47,           0,         0.0000,      0.000000,      0.0000,        0.02
      0.48,           0,         0.0000,      0.000000,      0.0000,        0.05
      0.49,           0,         0.0000,      0.000000,      0.0000,        0.05
      0.50,           0,         0.0000,      0.000000,      0.0000,        0.05
      0.51,           0,         0.0000,      0.000000,      0.0000,        0.05
      0.52,           0,         0.0000,      0.000000,      0.0000,        0.06
      0.53,           0,         0.0000,      0.000000,      0.0000,        0.05
      0.54,           0,         0.0000,      0.000000,      0.0000,        0.03
      0.55,           0,         0.0000,      0.000000,      0.0000,        0.05
      0.56,           0,         0.0000,      0.000000,      0.0000,        0.05
      0.57,           0,         0.0000,      0.000000,      0.0000,        0.05
      0.58,           0,         0.0000,      0.000000,      0.0000,        0.05
      0.59,           0,         0.0000,      0.000000,      0.0000,        0.03
      0.60,           0,         0.0000,      0.000000,      0.0000,        0.05
      0.61,           0,         0.0000,      0.000000,      0.0000,        0.05
      0.62,           0,         0.0000,      0.000000,      0.0000,        0.05
      0.63,           0,         0.0000,      0.000000,      0.0000,        0.04
      0.64,           0,         0.0000,      0.000000,      0.0000,        0.06
      0.65,           0,         0.0000,      0.000000,      0.0000,        0.04
      0.66,           0,         0.0000,      0.000000,      0.0000,        0.05
      0.67,           0,         0.0000,      0.000000,      0.0000,        0.01
      0.68,           0,         0.0000,      0.000000,      0.0000,        0.05
      0.69,           0,         0.0000,      0.000000,      0.0000,        0.05
      0.70,           0,         0.0000,      0.000000,      0.0000,        0.05
      0.71,           0,         0.0000,      0.000000,      0.0000,        0.05
      0.72,           0,         0.0000,      0.000000,      0.0000,        0.03
      0.73,           0,         0.0000,      0.000000,      0.0000,        0.04
      0.74,           0,         0.0000,      0.000000,      0.0000,        0.05
      0.75,           0,         0.0000,      0.000000,      0.0000,        0.02
      0.76,           0,         0.0000,      0.000000,      0.0000,        0.05
      0.77,           0,         0.0000,      0.000000,      0.0000,        0.05
      0.78,           0,         0.0000,      0.000000,      0.0000,        0.05
      0.79,           0,         0.0000,      0.000000,      0.0000,        0.03
      0.80,           0,         0.0000,      0.000000,      0.0000,        0.04
      0.81,           0,         0.0000,      0.000000,      0.0000,        0.05
      0.82,           0,         0.0000,      0.000000,      0.0000,        0.05
      0.83,           0,         0.0000,      0.000000,      0.0000,        0.04
      0.84,           0,         0.0000,      0.000000,      0.0000,        0.01
      0.85,           0,         0.0000,      0.000000,      0.0000,        0.05
      0.86,           0,         0.0000,      0.000000,      0.0000,        0.05
      0.87,           0,         0.0000,      0.000000,      0.0000,        0.04
      0.88,           0,         0.0000,      0.000000,      0.0000,        0.05
      0.89,           0,         0.0000,      0.000000,      0.0000,        0.05
      0.90,           0,         0.0000,      0.000000,      0.0000,        0.01
      0.91,           0,         0.0000,      0.000000,      0.0000,        0.03
      0.92,           0,         0.0000,      0.000000,      0.0000,        0.05
      0.93,           0,         0.0000,      0.000000,      0.0000,        0.05
      0.94,           0,         0.0000,      0.000000,      0.0000,        0.03
      0.95,           0,         0.0000,      0.000000,      0.0000,        0.03
      0.96,           0,         0.0000,      0.000000,      0.0000,        0.03
      0.97,           0,         0.0000,      0.000000,      0.0000,        0.05
      0.98,           0,         0.0000,      0.000000,      0.0000,        0.05
Motor voltage is set to 2.000V
      0.99,           1,         0.0013,      0.132516,      2.0491,        0.63
      1.00,           2,         0.0027,      0.132516,      2.0509,        0.70
      1.01,           4,         0.0053,      0.265033,      2.0379,        0.57
      1.02,          12,         0.0159,      1.060131,      2.0481,        0.24
      1.03,          21,         0.0278,      1.192648,      2.0547,        0.20
      1.04,          33,         0.0437,      1.590197,      2.0509,        0.14
      1.05,          45,         0.0596,      1.590197,      2.0519,        0.07
      1.06,          58,         0.0769,      1.722713,      2.0491,        0.07
      1.07,          72,         0.0954,      1.855230,      2.0491,        0.05
      1.08,          86,         0.1140,      1.855230,      2.0500,        0.06
      1.09,         101,         0.1338,      1.987745,      2.0500,        0.07
      1.10,         116,         0.1537,      1.987746,      2.0481,        0.07
      1.11,         132,         0.1749,      2.120262,      2.0509,        0.05
      1.12,         147,         0.1948,      1.987746,      2.0500,        0.06
      1.13,         163,         0.2160,      2.120262,      2.0491,        0.18
      1.14,         179,         0.2372,      2.120262,      2.0612,        0.05
      1.15,         195,         0.2584,      2.120261,      2.0528,        0.01
      1.16,         211,         0.2796,      2.120262,      2.0491,        0.05
      1.17,         228,         0.3021,      2.252781,      2.0509,        0.03
      1.18,         244,         0.3233,      2.120262,      2.0500,        0.04
      1.19,         260,         0.3445,      2.120260,      2.0547,        0.04
      1.20,         277,         0.3671,      2.252781,      2.0528,        0.05
      1.21,         293,         0.3883,      2.120262,      2.0528,        0.05
      1.22,         310,         0.4108,      2.252779,      2.0538,        0.01
      1.23,         327,         0.4333,      2.252775,      2.0444,        0.05
      1.24,         343,         0.4545,      2.120262,      2.0509,        0.06
      1.25,         358,         0.4744,      1.987749,      2.0500,        0.13
      1.26,         369,         0.4890,      1.457679,      2.0519,        0.26
      1.27,         376,         0.4983,      0.927615,      2.0491,        0.29
      1.28,         384,         0.5089,      1.060131,      2.0519,        0.22
      1.29,         395,         0.5234,      1.457679,      2.0500,        0.13
      1.30,         406,         0.5380,      1.457679,      2.0453,        0.15
      1.31,         419,         0.5552,      1.722717,      2.0509,        0.12
      1.32,         433,         0.5738,      1.855224,      2.0519,        0.10
      1.33,         447,         0.5923,      1.855236,      2.0509,        0.05
      1.34,         462,         0.6122,      1.987743,      2.0528,        0.03
      1.35,         477,         0.6321,      1.987743,      2.0491,        0.05
      1.36,         492,         0.6520,      1.987743,      2.0491,        0.05
      1.37,         508,         0.6732,      2.120268,      2.0500,        0.07
      1.38,         524,         0.6944,      2.120262,      2.0547,        0.04
      1.39,         540,         0.7156,      2.120262,      2.0500,        0.05
      1.40,         556,         0.7368,      2.120262,      2.0491,        0.03
      1.41,         572,         0.7580,      2.120262,      2.0491,        0.05
      1.42,         588,         0.7792,      2.120262,      2.0500,        0.05
      1.43,         605,         0.8017,      2.252781,      2.0500,        0.05
      1.44,         621,         0.8229,      2.120262,      2.0481,        0.05
      1.45,         638,         0.8455,      2.252769,      2.0491,        0.04
      1.46,         655,         0.8680,      2.252787,      2.0435,        0.00
      1.47,         671,         0.8892,      2.120256,      2.0500,        0.05
      1.48,         688,         0.9117,      2.252787,      2.0509,        0.04
      1.49,         705,         0.9342,      2.252769,      2.0491,        0.03
      1.50,         721,         0.9554,      2.120262,      2.0640,        0.05
      1.51,         738,         0.9780,      2.252781,      2.0509,        0.01
      1.52,         754,         0.9992,      2.120262,      2.0500,        0.07
      1.53,         769,         1.0191,      1.987743,      2.0500,        0.10
      1.54,         783,         1.0376,      1.855230,      2.0538,        0.06
      1.55,         798,         1.0575,      1.987743,      2.0528,        0.05
      1.56,         813,         1.0774,      1.987755,      2.0500,        0.05
      1.57,         829,         1.0986,      2.120256,      2.0519,        0.05
      1.58,         845,         1.1198,      2.120268,      2.0528,        0.03
      1.59,         861,         1.1410,      2.120256,      2.0472,        0.03
      1.60,         877,         1.1622,      2.120268,      2.0472,        0.05
      1.61,         893,         1.1834,      2.120256,      2.0509,        0.03
      1.62,         909,         1.2046,      2.120268,      2.0500,        0.05
      1.63,         925,         1.2258,      2.120256,      2.0528,        0.05
      1.64,         942,         1.2483,      2.252781,      2.0472,        0.03
      1.65,         958,         1.2695,      2.120268,      2.0519,        0.04
      1.66,         974,         1.2907,      2.120256,      2.0519,        0.05
      1.67,         990,         1.3119,      2.120268,      2.0500,        0.05
      1.68,        1006,         1.3331,      2.120256,      2.0528,        0.05
      1.69,        1021,         1.3530,      1.987743,      2.0509,        0.07
      1.70,        1037,         1.3742,      2.120268,      2.0500,        0.05
      1.71,        1054,         1.3967,      2.252781,      2.0481,        0.05
      1.72,        1070,         1.4179,      2.120256,      2.0547,        0.05
      1.73,        1086,         1.4391,      2.120268,      2.0500,        0.05
      1.74,        1103,         1.4617,      2.252769,      2.0668,        0.05
      1.75,        1119,         1.4829,      2.120256,      2.0528,        0.01
      1.76,        1136,         1.5054,      2.252781,      2.0528,        0.05
      1.77,        1152,         1.5266,      2.120268,      2.0519,        0.05
      1.78,        1169,         1.5491,      2.252781,      2.0519,        0.05
      1.79,        1185,         1.5703,      2.120256,      2.0509,        0.05
      1.80,        1202,         1.5928,      2.252781,      2.0519,        0.05
      1.81,        1218,         1.6140,      2.120256,      2.0519,        0.04
      1.82,        1234,         1.6353,      2.120268,      2.0500,        0.03
      1.83,        1250,         1.6565,      2.120256,      2.0491,        0.06
      1.84,        1266,         1.6777,      2.120268,      2.0500,        0.05
      1.85,        1282,         1.6989,      2.120256,      2.0509,        0.05
      1.86,        1299,         1.7214,      2.252793,      2.0491,        0.05
      1.87,        1315,         1.7426,      2.120256,      2.0500,        0.05
      1.88,        1331,         1.7638,      2.120268,      2.0509,        0.05
      1.89,        1348,         1.7863,      2.252769,      2.0528,        0.05
      1.90,        1364,         1.8075,      2.120268,      2.0509,        0.04
      1.91,        1381,         1.8301,      2.252781,      2.0519,        0.05
      1.92,        1398,         1.8526,      2.252769,      2.0528,        0.06
      1.93,        1414,         1.8738,      2.120268,      2.0519,        0.05
      1.94,        1431,         1.8963,      2.252769,      2.0519,        0.05
      1.95,        1448,         1.9188,      2.252781,      2.0538,        0.05
      1.96,        1465,         1.9414,      2.252781,      2.0538,        0.05
      1.97,        1481,         1.9626,      2.120256,      2.0528,        0.04
      1.98,        1498,         1.9851,      2.252793,      2.0509,        0.05
      1.99,        1514,         2.0063,      2.120256,      2.0547,        0.05
      2.00,        1531,         2.0288,      2.252793,      2.0500,        0.05
      2.01,        1548,         2.0514,      2.252769,      2.0538,        0.04
      2.02,        1564,         2.0726,      2.120256,      2.0509,        0.05
      2.03,        1580,         2.0938,      2.120256,      2.0528,        0.04
      2.04,        1597,         2.1163,      2.252769,      2.0519,        0.05
      2.05,        1613,         2.1375,      2.120280,      2.0509,        0.05
      2.06,        1630,         2.1600,      2.252769,      2.0509,        0.05
      2.07,        1646,         2.1812,      2.120280,      2.0631,        0.04
      2.08,        1663,         2.2037,      2.252769,      2.0500,        0.05
      2.09,        1679,         2.2250,      2.120280,      2.0500,        0.02
      2.10,        1696,         2.2475,      2.252769,      2.0519,        0.05
      2.11,        1712,         2.2687,      2.120233,      2.0500,        0.04
      2.12,        1729,         2.2912,      2.252793,      2.0491,        0.05
      2.13,        1745,         2.3124,      2.120256,      2.0481,        0.03
      2.14,        1761,         2.3336,      2.120280,      2.0481,        0.04
      2.15,        1778,         2.3561,      2.252769,      2.0481,        0.05
      2.16,        1794,         2.3773,      2.120280,      2.0491,        0.05
      2.17,        1810,         2.3985,      2.120233,      2.0519,        0.04
      2.18,        1827,         2.4211,      2.252793,      2.0491,        0.03
      2.19,        1844,         2.4436,      2.252769,      2.0481,        0.03
      2.20,        1860,         2.4648,      2.120256,      2.0528,        0.07
      2.21,        1877,         2.4873,      2.252793,      2.0509,        0.05
      2.22,        1893,         2.5085,      2.120256,      2.0416,        0.03
      2.23,        1910,         2.5311,      2.252793,      2.0509,        0.05
      2.24,        1927,         2.5536,      2.252769,      2.0547,        0.06
      2.25,        1943,         2.5748,      2.120256,      2.0472,        0.03
      2.26,        1960,         2.5973,      2.252793,      2.0509,        0.04
      2.27,        1977,         2.6198,      2.252769,      2.0538,        0.05
      2.28,        1993,         2.6411,      2.120280,      2.0453,        0.05
      2.29,        2009,         2.6623,      2.120233,      2.0500,        0.05
      2.30,        2025,         2.6835,      2.120280,      2.0538,        0.09
      2.31,        2041,         2.7047,      2.120256,      2.0500,        0.03
      2.32,        2058,         2.7272,      2.252769,      2.0491,        0.03
      2.33,        2074,         2.7484,      2.120280,      2.0444,        0.05
      2.34,        2090,         2.7696,      2.120256,      2.0519,        0.05
      2.35,        2107,         2.7921,      2.252769,      2.0491,        0.05
      2.36,        2124,         2.8146,      2.252793,      2.0500,        0.07
      2.37,        2140,         2.8359,      2.120256,      2.0500,        0.05
      2.38,        2157,         2.8584,      2.252769,      2.0538,        0.05
      2.39,        2173,         2.8796,      2.120280,      2.0528,        0.05
      2.40,        2190,         2.9021,      2.252769,      2.0519,        0.04
      2.41,        2206,         2.9233,      2.120256,      2.0528,        0.04
      2.42,        2223,         2.9458,      2.252793,      2.0528,        0.05
      2.43,        2239,         2.9670,      2.120256,      2.0491,        0.05
      2.44,        2256,         2.9896,      2.252793,      2.0528,        0.04
      2.45,        2272,         3.0108,      2.120233,      2.0509,        0.05
      2.46,        2289,         3.0333,      2.252793,      2.0538,        0.05
      2.47,        2305,         3.0545,      2.120256,      2.0528,        0.05
      2.48,        2322,         3.0770,      2.252769,      2.0509,        0.05
      2.49,        2339,         3.0996,      2.252793,      2.0528,        0.05
      2.50,        2355,         3.1208,      2.120256,      2.0500,        0.05
      2.51,        2372,         3.1433,      2.252769,      2.0519,        0.05
      2.52,        2389,         3.1658,      2.252769,      2.0500,        0.05
      2.53,        2406,         3.1883,      2.252817,      2.0519,        0.05
      2.54,        2422,         3.2095,      2.120233,      2.0519,        0.05
      2.55,        2439,         3.2321,      2.252817,      2.0509,        0.05
      2.56,        2456,         3.2546,      2.252769,      2.0472,        0.05
      2.57,        2473,         3.2771,      2.252769,      2.0519,        0.05
      2.58,        2490,         3.2997,      2.252769,      2.0500,        0.00
      2.59,        2506,         3.3209,      2.120280,      2.0519,        0.05
      2.60,        2523,         3.3434,      2.252769,      2.0472,        0.05
      2.61,        2540,         3.3659,      2.252769,      2.0491,        0.09
      2.62,        2556,         3.3871,      2.120280,      2.0491,        0.05
      2.63,        2573,         3.4096,      2.252769,      2.0519,        0.05
      2.64,        2589,         3.4308,      2.120256,      2.0463,        0.02
      2.65,        2606,         3.4534,      2.252769,      2.0538,        0.03
      2.66,        2622,         3.4746,      2.120280,      2.0509,        0.05
      2.67,        2639,         3.4971,      2.252769,      2.0435,        0.03
      2.68,        2656,         3.5196,      2.252769,      2.0528,        0.05
      2.69,        2672,         3.5408,      2.120280,      2.0547,        0.05
      2.70,        2689,         3.5634,      2.252769,      2.0528,        0.05
      2.71,        2706,         3.5859,      2.252769,      2.0491,        0.05
      2.72,        2722,         3.6071,      2.120280,      2.0472,        0.05
      2.73,        2739,         3.6296,      2.252769,      2.0528,        0.03
      2.74,        2755,         3.6508,      2.120280,      2.0491,        0.05
      2.75,        2772,         3.6734,      2.252769,      2.0500,        0.05
      2.76,        2789,         3.6959,      2.252769,      2.0519,        0.05
      2.77,        2805,         3.7171,      2.120256,      2.0500,        0.04
      2.78,        2822,         3.7396,      2.252769,      2.0500,        0.05
      2.79,        2839,         3.7621,      2.252793,      2.0481,        0.06
      2.80,        2856,         3.7847,      2.252793,      2.0500,        0.05
      2.81,        2872,         3.8059,      2.120233,      2.0500,        0.05
      2.82,        2889,         3.8284,      2.252817,      2.0491,        0.05
      2.83,        2906,         3.8509,      2.252769,      2.0453,        0.03
      2.84,        2922,         3.8721,      2.120233,      2.0491,        0.05
      2.85,        2939,         3.8947,      2.252817,      2.0509,        0.16
      2.86,        2955,         3.9159,      2.120233,      2.0509,        0.05
      2.87,        2972,         3.9384,      2.252817,      2.0472,        0.05
      2.88,        2988,         3.9596,      2.120233,      2.0491,        0.05
      2.89,        3005,         3.9821,      2.252769,      2.0509,        0.05
      2.90,        3021,         4.0033,      2.120256,      2.0491,        0.04
      2.91,        3037,         4.0245,      2.120304,      2.0491,        0.05
      2.92,        3054,         4.0471,      2.252769,      2.0528,        0.05
      2.93,        3070,         4.0683,      2.120256,      2.0519,        0.05
      2.94,        3086,         4.0895,      2.120256,      2.0491,        0.09
      2.95,        3103,         4.1120,      2.252769,      2.0491,        0.05
      2.96,        3119,         4.1332,      2.120304,      2.0509,        0.05
      2.97,        3136,         4.1557,      2.252769,      2.0528,        0.05
      2.98,        3152,         4.1769,      2.120256,      2.0528,        0.05
      2.99,        3169,         4.1994,      2.252769,      2.0566,        0.05
      3.00,        3186,         4.2220,      2.252769,      2.0509,        0.05
      3.01,        3202,         4.2432,      2.120256,      2.0519,        0.05
      3.02,        3219,         4.2657,      2.252769,      2.0519,        0.05
      3.03,        3236,         4.2882,      2.252817,      2.0519,        0.05
      3.04,        3252,         4.3094,      2.120256,      2.0463,        0.05
      3.05,        3269,         4.3320,      2.252769,      2.0379,        0.03
      3.06,        3286,         4.3545,      2.252769,      2.0519,        0.05
      3.07,        3302,         4.3757,      2.120256,      2.0538,        0.06
      3.08,        3319,         4.3982,      2.252769,      2.0519,        0.06
      3.09,        3336,         4.4207,      2.252769,      2.0491,        0.06
      3.10,        3352,         4.4419,      2.120304,      2.0481,        0.05
      3.11,        3369,         4.4645,      2.252769,      2.0500,        0.02
      3.12,        3385,         4.4870,      2.252769,      2.0547,        0.09
      3.13,        3402,         4.5082,      2.120256,      2.0509,        0.05
      3.14,        3419,         4.5307,      2.252769,      2.0491,        0.01
      3.15,        3435,         4.5519,      2.120304,      2.0547,        0.03
      3.16,        3452,         4.5745,      2.252769,      2.0528,        0.05
      3.17,        3468,         4.5957,      2.120256,      2.0519,        0.05
      3.18,        3484,         4.6169,      2.120256,      2.0509,        0.05
      3.19,        3501,         4.6394,      2.252769,      2.0547,        0.05
      3.20,        3518,         4.6619,      2.252769,      2.0509,        0.05
      3.21,        3534,         4.6831,      2.120304,      2.0528,        0.05
      3.22,        3551,         4.7057,      2.252769,      2.0528,        0.05
      3.23,        3567,         4.7269,      2.120256,      2.0519,        0.03
      3.24,        3584,         4.7494,      2.252769,      2.0528,        0.09
      3.25,        3600,         4.7706,      2.120256,      2.0538,        0.05
      3.26,        3617,         4.7931,      2.252769,      2.0538,        0.05
      3.27,        3633,         4.8143,      2.120304,      2.0509,        0.05
      3.28,        3650,         4.8368,      2.252769,      2.0528,        0.05
      3.29,        3666,         4.8581,      2.120256,      2.0509,        0.05
      3.30,        3683,         4.8806,      2.252769,      2.0509,        0.07
      3.31,        3699,         4.9018,      2.120256,      2.0500,        0.05
      3.32,        3716,         4.9243,      2.252817,      2.0519,        0.05
      3.33,        3732,         4.9455,      2.120209,      2.0491,        0.05
      3.34,        3749,         4.9680,      2.252817,      2.0491,        0.06
      3.35,        3765,         4.9892,      2.120256,      0.0000,        0.05
Motor voltage is set to 0.000V
      3.36,        3781,         5.0104,      2.120256,      0.0000,        0.06
      3.37,        3796,         5.0303,      1.987743,      0.0000,        0.03
      3.38,        3810,         5.0489,      1.855230,      0.0000,        0.04
      3.39,        3822,         5.0648,      1.590157,      0.0000,        0.05
      3.40,        3834,         5.0807,      1.590204,      0.0000,        0.01
      3.41,        3845,         5.0953,      1.457691,      0.0000,        0.01
      3.42,        3854,         5.1072,      1.192665,      0.0000,        0.04
      3.43,        3863,         5.1191,      1.192665,      0.0000,        0.04
      3.44,        3870,         5.1284,      0.927591,      0.0000,        0.05
      3.45,        3877,         5.1377,      0.927639,      0.0000,        0.05
      3.46,        3883,         5.1456,      0.795078,      0.0000,        0.03
      3.47,        3885,         5.1483,      0.265026,      0.0000,        0.05
      3.48,        3891,         5.1562,      0.795078,      0.0000,        0.05
      3.49,        3891,         5.1562,      0.000000,      0.0000,        0.03
      3.50,        3888,         5.1522,     -0.397539,      0.0000,        0.05
      3.51,        3885,         5.1483,     -0.397539,      0.0000,        0.09
      3.52,        3889,         5.1536,      0.530100,      0.0000,        0.04
      3.53,        3888,         5.1522,     -0.132561,      0.0000,        0.08
      3.54,        3886,         5.1496,     -0.265026,      0.0000,        0.05
      3.55,        3889,         5.1536,      0.397587,      0.0000,        0.05
      3.56,        3887,         5.1509,     -0.265074,      0.0000,        0.08
      3.57,        3888,         5.1522,      0.132513,      0.0000,        0.04
      3.58,        3888,         5.1522,      0.000000,      0.0000,        0.04
      3.59,        3887,         5.1509,     -0.132513,      0.0000,        0.03
      3.60,        3888,         5.1522,      0.132513,      0.0000,        0.05
      3.61,        3888,         5.1522,      0.000000,      0.0000,        0.04
      3.62,        3888,         5.1522,      0.000000,      0.0000,        0.05
      3.63,        3888,         5.1522,      0.000000,      0.0000,        0.05
      3.64,        3888,         5.1522,      0.000000,      0.0000,        0.05
      3.65,        3888,         5.1522,      0.000000,      0.0000,        0.05
      3.66,        3888,         5.1522,      0.000000,      0.0000,        0.05
      3.67,        3888,         5.1522,      0.000000,      0.0000,        0.05
      3.68,        3888,         5.1522,      0.000000,      0.0000,        0.04
      3.69,        3888,         5.1522,      0.000000,      0.0000,        0.03
      3.70,        3888,         5.1522,      0.000000,      0.0000,        0.05
      3.71,        3888,         5.1522,      0.000000,      0.0000,        0.04
      3.72,        3888,         5.1522,      0.000000,      0.0000,        0.03
      3.73,        3888,         5.1522,      0.000000,      0.0000,        0.05
      3.74,        3888,         5.1522,      0.000000,      0.0000,        0.05
      3.75,        3888,         5.1522,      0.000000,      0.0000,        0.05
      3.76,        3888,         5.1522,      0.000000,      0.0000,        0.05
      3.77,        3888,         5.1522,      0.000000,      0.0000,        0.06
      3.78,        3888,         5.1522,      0.000000,      0.0000,        0.05
      3.79,        3888,         5.1522,      0.000000,      0.0000,        0.05
      3.80,        3888,         5.1522,      0.000000,      0.0000,        0.09
      3.81,        3888,         5.1522,      0.000000,      0.0000,        0.03
      3.82,        3888,         5.1522,      0.000000,      0.0000,        0.04
      3.83,        3888,         5.1522,      0.000000,      0.0000,        0.03
      3.84,        3888,         5.1522,      0.000000,      0.0000,        0.05
      3.85,        3888,         5.1522,      0.000000,      0.0000,        0.05
      3.86,        3888,         5.1522,      0.000000,      0.0000,        0.05
      3.87,        3888,         5.1522,      0.000000,      0.0000,        0.05
      3.88,        3888,         5.1522,      0.000000,      0.0000,        0.02
      3.89,        3888,         5.1522,      0.000000,      0.0000,        0.05
      3.90,        3888,         5.1522,      0.000000,      0.0000,        0.05
      3.91,        3888,         5.1522,      0.000000,      0.0000,        0.05
      3.92,        3888,         5.1522,      0.000000,      0.0000,        0.05
      3.93,        3888,         5.1522,      0.000000,      0.0000,        0.06
      3.94,        3888,         5.1522,      0.000000,      0.0000,        0.05
      3.95,        3888,         5.1522,      0.000000,      0.0000,        0.03
      3.96,        3888,         5.1522,      0.000000,      0.0000,        0.05
      3.97,        3888,         5.1522,      0.000000,      0.0000,        0.04
      3.98,        3888,         5.1522,      0.000000,      0.0000,        0.05
      3.99,        3888,         5.1522,      0.000000,      0.0000,        0.03
      4.00,        3888,         5.1522,      0.000000,      0.0000,        0.05
      4.01,        3888,         5.1522,      0.000000,      0.0000,        0.03
      4.02,        3888,         5.1522,      0.000000,      0.0000,        0.03
      4.03,        3888,         5.1522,      0.000000,      0.0000,        0.04
      4.04,        3888,         5.1522,      0.000000,      0.0000,        0.01
      4.05,        3888,         5.1522,      0.000000,      0.0000,        0.05
      4.06,        3888,         5.1522,      0.000000,      0.0000,        0.03
      4.07,        3888,         5.1522,      0.000000,      0.0000,        0.05
      4.08,        3888,         5.1522,      0.000000,      0.0000,        0.04
      4.09,        3888,         5.1522,      0.000000,      0.0000,        0.05
      4.10,        3888,         5.1522,      0.000000,      0.0000,        0.05
      4.11,        3888,         5.1522,      0.000000,      0.0000,        0.03
      4.12,        3888,         5.1522,      0.000000,      0.0000,        0.05
      4.13,        3888,         5.1522,      0.000000,      0.0000,        0.05
      4.14,        3888,         5.1522,      0.000000,      0.0000,        0.05
      4.15,        3888,         5.1522,      0.000000,      0.0000,        0.05
      4.16,        3888,         5.1522,      0.000000,      0.0000,        0.06
      4.17,        3888,         5.1522,      0.000000,      0.0000,        0.05
      4.18,        3888,         5.1522,      0.000000,      0.0000,        0.05
      4.19,        3888,         5.1522,      0.000000,      0.0000,        0.06
      4.20,        3888,         5.1522,      0.000000,      0.0000,        0.05
      4.21,        3888,         5.1522,      0.000000,      0.0000,        0.05
      4.22,        3888,         5.1522,      0.000000,      0.0000,        0.05
      4.23,        3888,         5.1522,      0.000000,      0.0000,        0.04
      4.24,        3888,         5.1522,      0.000000,      0.0000,        0.05
      4.25,        3888,         5.1522,      0.000000,      0.0000,        0.05
      4.26,        3888,         5.1522,      0.000000,      0.0000,        0.05
      4.27,        3888,         5.1522,      0.000000,      0.0000,        0.05
      4.28,        3888,         5.1522,      0.000000,      0.0000,        0.04
      4.29,        3888,         5.1522,      0.000000,      0.0000,        0.05
      4.30,        3888,         5.1522,      0.000000,      0.0000,        0.06
      4.31,        3888,         5.1522,      0.000000,      0.0000,        0.03
      4.32,        3888,         5.1522,      0.000000,      0.0000,        0.05
      4.33,        3888,         5.1522,      0.000000,      0.0000,        0.05
      4.34,        3888,         5.1522,      0.000000,      0.0000,        0.05
      4.35,        3888,         5.1522,      0.000000,      0.0000,        0.04
      4.36,        3888,         5.1522,      0.000000,      0.0000,        0.03
      4.37,        3888,         5.1522,      0.000000,      0.0000,        0.01
      4.38,        3888,         5.1522,      0.000000,      0.0000,        0.05
      4.39,        3888,         5.1522,      0.000000,      0.0000,        0.05
      4.40,        3888,         5.1522,      0.000000,      0.0000,        0.03
      4.41,        3888,         5.1522,      0.000000,      0.0000,        0.04
      4.42,        3888,         5.1522,      0.000000,      0.0000,        0.03
      4.43,        3888,         5.1522,      0.000000,      0.0000,        0.05
      4.44,        3888,         5.1522,      0.000000,      0.0000,        0.03
      4.45,        3888,         5.1522,      0.000000,      0.0000,        0.05
      4.46,        3888,         5.1522,      0.000000,      0.0000,        0.05
      4.47,        3888,         5.1522,      0.000000,      0.0000,        0.04
      4.48,        3888,         5.1522,      0.000000,      0.0000,        0.03
      4.49,        3888,         5.1522,      0.000000,      0.0000,        0.03
      4.50,        3888,         5.1522,      0.000000,      0.0000,        0.05
      4.51,        3888,         5.1522,      0.000000,      0.0000,        0.04
      4.52,        3888,         5.1522,      0.000000,      0.0000,        0.05
      4.53,        3888,         5.1522,      0.000000,      0.0000,        0.05
      4.54,        3888,         5.1522,      0.000000,      0.0000,        0.09
      4.55,        3888,         5.1522,      0.000000,      0.0000,        0.03
      4.56,        3888,         5.1522,      0.000000,      0.0000,        0.05
      4.57,        3888,         5.1522,      0.000000,      0.0000,        0.05
      4.58,        3888,         5.1522,      0.000000,      0.0000,        0.05
      4.59,        3888,         5.1522,      0.000000,      0.0000,        0.02
      4.60,        3888,         5.1522,      0.000000,      0.0000,        0.05
      4.61,        3888,         5.1522,      0.000000,      0.0000,        0.05
      4.62,        3888,         5.1522,      0.000000,      0.0000,        0.05
      4.63,        3888,         5.1522,      0.000000,      0.0000,        0.05
      4.64,        3888,         5.1522,      0.000000,      0.0000,        0.05
      4.65,        3888,         5.1522,      0.000000,      0.0000,        0.05
      4.66,        3888,         5.1522,      0.000000,      0.0000,        0.04
      4.67,        3888,         5.1522,      0.000000,      0.0000,        0.05
      4.68,        3888,         5.1522,      0.000000,      0.0000,        0.05
      4.69,        3888,         5.1522,      0.000000,      0.0000,        0.05
      4.70,        3888,         5.1522,      0.000000,      0.0000,        0.05
      4.71,        3888,         5.1522,      0.000000,      0.0000,        0.05
      4.72,        3888,         5.1522,      0.000000,      0.0000,        0.03
      4.73,        3888,         5.1522,      0.000000,      0.0000,        0.03
      4.74,        3888,         5.1522,      0.000000,      0.0000,        0.03
      4.75,        3888,         5.1522,      0.000000,      0.0000,        0.05
      4.76,        3888,         5.1522,      0.000000,      0.0000,        0.05
      4.77,        3888,         5.1522,      0.000000,      0.0000,        0.05
      4.78,        3888,         5.1522,      0.000000,      0.0000,        0.05
      4.79,        3888,         5.1522,      0.000000,      0.0000,        0.05
      4.80,        3888,         5.1522,      0.000000,      0.0000,        0.03
      4.81,        3888,         5.1522,      0.000000,      0.0000,        0.05
      4.82,        3888,         5.1522,      0.000000,      0.0000,        0.04
      4.83,        3888,         5.1522,      0.000000,      0.0000,        0.05
      4.84,        3888,         5.1522,      0.000000,      0.0000,        0.05
      4.85,        3888,         5.1522,      0.000000,      0.0000,        0.05
      4.86,        3888,         5.1522,      0.000000,      0.0000,        0.05
      4.87,        3888,         5.1522,      0.000000,      0.0000,        0.03
      4.88,        3888,         5.1522,      0.000000,      0.0000,        0.05
      4.89,        3888,         5.1522,      0.000000,      0.0000,        0.05
      4.90,        3888,         5.1522,      0.000000,      0.0000,        0.08
      4.91,        3888,         5.1522,      0.000000,      0.0000,        0.09
      4.92,        3888,         5.1522,      0.000000,      0.0000,        0.05
      4.93,        3888,         5.1522,      0.000000,      0.0000,        0.05
      4.94,        3888,         5.1522,      0.000000,      0.0000,        0.05
      4.95,        3888,         5.1522,      0.000000,      0.0000,        0.04
      4.96,        3888,         5.1522,      0.000000,      0.0000,        0.04
      4.97,        3888,         5.1522,      0.000000,      0.0000,        0.04
      4.98,        3888,         5.1522,      0.000000,      0.0000,        0.05
      4.99,        3888,         5.1522,      0.000000,      0.0000,        0.05
